{
 "cells": [
  {
   "cell_type": "code",
   "execution_count": 21,
   "id": "fb0b690f",
   "metadata": {},
   "outputs": [],
   "source": [
    "import pandas as pd\n",
    "\n",
    "#import text file into NumPy array as integer\n",
    "text = '/home/radiant/Acads/ae755_project/project_venv/optimization-project/datasets/simple1.txt'\n",
    "data=pd.read_table(text, delimiter = '\\t')"
   ]
  },
  {
   "cell_type": "code",
   "execution_count": 22,
   "id": "11a0d463",
   "metadata": {},
   "outputs": [
    {
     "data": {
      "text/html": [
       "<div>\n",
       "<style scoped>\n",
       "    .dataframe tbody tr th:only-of-type {\n",
       "        vertical-align: middle;\n",
       "    }\n",
       "\n",
       "    .dataframe tbody tr th {\n",
       "        vertical-align: top;\n",
       "    }\n",
       "\n",
       "    .dataframe thead th {\n",
       "        text-align: right;\n",
       "    }\n",
       "</style>\n",
       "<table border=\"1\" class=\"dataframe\">\n",
       "  <thead>\n",
       "    <tr style=\"text-align: right;\">\n",
       "      <th></th>\n",
       "      <th>city_1</th>\n",
       "      <th>city_2</th>\n",
       "      <th>city_3</th>\n",
       "      <th>city_4</th>\n",
       "      <th>city_5</th>\n",
       "      <th>city_6</th>\n",
       "      <th>city_7</th>\n",
       "      <th>city_8</th>\n",
       "      <th>city_9</th>\n",
       "      <th>city_10</th>\n",
       "      <th>city_11</th>\n",
       "      <th>city_12</th>\n",
       "      <th>city_13</th>\n",
       "      <th>city_14</th>\n",
       "      <th>city_15</th>\n",
       "      <th>city_16</th>\n",
       "      <th>city_17</th>\n",
       "    </tr>\n",
       "  </thead>\n",
       "  <tbody>\n",
       "    <tr>\n",
       "      <th>city_1</th>\n",
       "      <td>0</td>\n",
       "      <td>633</td>\n",
       "      <td>257</td>\n",
       "      <td>91</td>\n",
       "      <td>412</td>\n",
       "      <td>150</td>\n",
       "      <td>80</td>\n",
       "      <td>134</td>\n",
       "      <td>259</td>\n",
       "      <td>505</td>\n",
       "      <td>353</td>\n",
       "      <td>324</td>\n",
       "      <td>70</td>\n",
       "      <td>211</td>\n",
       "      <td>268</td>\n",
       "      <td>246</td>\n",
       "      <td>121</td>\n",
       "    </tr>\n",
       "    <tr>\n",
       "      <th>city_2</th>\n",
       "      <td>633</td>\n",
       "      <td>0</td>\n",
       "      <td>390</td>\n",
       "      <td>661</td>\n",
       "      <td>227</td>\n",
       "      <td>488</td>\n",
       "      <td>572</td>\n",
       "      <td>530</td>\n",
       "      <td>555</td>\n",
       "      <td>289</td>\n",
       "      <td>282</td>\n",
       "      <td>638</td>\n",
       "      <td>567</td>\n",
       "      <td>466</td>\n",
       "      <td>420</td>\n",
       "      <td>745</td>\n",
       "      <td>518</td>\n",
       "    </tr>\n",
       "    <tr>\n",
       "      <th>city_3</th>\n",
       "      <td>257</td>\n",
       "      <td>390</td>\n",
       "      <td>0</td>\n",
       "      <td>228</td>\n",
       "      <td>169</td>\n",
       "      <td>112</td>\n",
       "      <td>196</td>\n",
       "      <td>154</td>\n",
       "      <td>372</td>\n",
       "      <td>262</td>\n",
       "      <td>110</td>\n",
       "      <td>437</td>\n",
       "      <td>191</td>\n",
       "      <td>74</td>\n",
       "      <td>53</td>\n",
       "      <td>472</td>\n",
       "      <td>142</td>\n",
       "    </tr>\n",
       "    <tr>\n",
       "      <th>city_4</th>\n",
       "      <td>91</td>\n",
       "      <td>661</td>\n",
       "      <td>228</td>\n",
       "      <td>0</td>\n",
       "      <td>383</td>\n",
       "      <td>120</td>\n",
       "      <td>77</td>\n",
       "      <td>105</td>\n",
       "      <td>175</td>\n",
       "      <td>476</td>\n",
       "      <td>324</td>\n",
       "      <td>240</td>\n",
       "      <td>27</td>\n",
       "      <td>182</td>\n",
       "      <td>239</td>\n",
       "      <td>237</td>\n",
       "      <td>84</td>\n",
       "    </tr>\n",
       "    <tr>\n",
       "      <th>city_5</th>\n",
       "      <td>412</td>\n",
       "      <td>227</td>\n",
       "      <td>169</td>\n",
       "      <td>383</td>\n",
       "      <td>0</td>\n",
       "      <td>267</td>\n",
       "      <td>351</td>\n",
       "      <td>309</td>\n",
       "      <td>338</td>\n",
       "      <td>196</td>\n",
       "      <td>61</td>\n",
       "      <td>421</td>\n",
       "      <td>346</td>\n",
       "      <td>243</td>\n",
       "      <td>199</td>\n",
       "      <td>528</td>\n",
       "      <td>297</td>\n",
       "    </tr>\n",
       "    <tr>\n",
       "      <th>city_6</th>\n",
       "      <td>150</td>\n",
       "      <td>488</td>\n",
       "      <td>112</td>\n",
       "      <td>120</td>\n",
       "      <td>267</td>\n",
       "      <td>0</td>\n",
       "      <td>63</td>\n",
       "      <td>34</td>\n",
       "      <td>264</td>\n",
       "      <td>360</td>\n",
       "      <td>208</td>\n",
       "      <td>329</td>\n",
       "      <td>83</td>\n",
       "      <td>105</td>\n",
       "      <td>123</td>\n",
       "      <td>364</td>\n",
       "      <td>35</td>\n",
       "    </tr>\n",
       "    <tr>\n",
       "      <th>city_7</th>\n",
       "      <td>80</td>\n",
       "      <td>572</td>\n",
       "      <td>196</td>\n",
       "      <td>77</td>\n",
       "      <td>351</td>\n",
       "      <td>63</td>\n",
       "      <td>0</td>\n",
       "      <td>29</td>\n",
       "      <td>232</td>\n",
       "      <td>444</td>\n",
       "      <td>292</td>\n",
       "      <td>297</td>\n",
       "      <td>47</td>\n",
       "      <td>150</td>\n",
       "      <td>207</td>\n",
       "      <td>332</td>\n",
       "      <td>29</td>\n",
       "    </tr>\n",
       "    <tr>\n",
       "      <th>city_8</th>\n",
       "      <td>134</td>\n",
       "      <td>530</td>\n",
       "      <td>154</td>\n",
       "      <td>105</td>\n",
       "      <td>309</td>\n",
       "      <td>34</td>\n",
       "      <td>29</td>\n",
       "      <td>0</td>\n",
       "      <td>249</td>\n",
       "      <td>402</td>\n",
       "      <td>250</td>\n",
       "      <td>314</td>\n",
       "      <td>68</td>\n",
       "      <td>108</td>\n",
       "      <td>165</td>\n",
       "      <td>349</td>\n",
       "      <td>36</td>\n",
       "    </tr>\n",
       "    <tr>\n",
       "      <th>city_9</th>\n",
       "      <td>259</td>\n",
       "      <td>555</td>\n",
       "      <td>372</td>\n",
       "      <td>175</td>\n",
       "      <td>338</td>\n",
       "      <td>264</td>\n",
       "      <td>232</td>\n",
       "      <td>249</td>\n",
       "      <td>0</td>\n",
       "      <td>495</td>\n",
       "      <td>352</td>\n",
       "      <td>95</td>\n",
       "      <td>189</td>\n",
       "      <td>326</td>\n",
       "      <td>383</td>\n",
       "      <td>202</td>\n",
       "      <td>236</td>\n",
       "    </tr>\n",
       "    <tr>\n",
       "      <th>city_10</th>\n",
       "      <td>505</td>\n",
       "      <td>289</td>\n",
       "      <td>262</td>\n",
       "      <td>476</td>\n",
       "      <td>196</td>\n",
       "      <td>360</td>\n",
       "      <td>444</td>\n",
       "      <td>402</td>\n",
       "      <td>495</td>\n",
       "      <td>0</td>\n",
       "      <td>154</td>\n",
       "      <td>578</td>\n",
       "      <td>439</td>\n",
       "      <td>336</td>\n",
       "      <td>240</td>\n",
       "      <td>685</td>\n",
       "      <td>390</td>\n",
       "    </tr>\n",
       "    <tr>\n",
       "      <th>city_11</th>\n",
       "      <td>353</td>\n",
       "      <td>282</td>\n",
       "      <td>110</td>\n",
       "      <td>324</td>\n",
       "      <td>61</td>\n",
       "      <td>208</td>\n",
       "      <td>292</td>\n",
       "      <td>250</td>\n",
       "      <td>352</td>\n",
       "      <td>154</td>\n",
       "      <td>0</td>\n",
       "      <td>435</td>\n",
       "      <td>287</td>\n",
       "      <td>184</td>\n",
       "      <td>140</td>\n",
       "      <td>542</td>\n",
       "      <td>238</td>\n",
       "    </tr>\n",
       "    <tr>\n",
       "      <th>city_12</th>\n",
       "      <td>324</td>\n",
       "      <td>638</td>\n",
       "      <td>437</td>\n",
       "      <td>240</td>\n",
       "      <td>421</td>\n",
       "      <td>329</td>\n",
       "      <td>297</td>\n",
       "      <td>314</td>\n",
       "      <td>95</td>\n",
       "      <td>578</td>\n",
       "      <td>435</td>\n",
       "      <td>0</td>\n",
       "      <td>254</td>\n",
       "      <td>391</td>\n",
       "      <td>448</td>\n",
       "      <td>157</td>\n",
       "      <td>301</td>\n",
       "    </tr>\n",
       "    <tr>\n",
       "      <th>city_13</th>\n",
       "      <td>70</td>\n",
       "      <td>567</td>\n",
       "      <td>191</td>\n",
       "      <td>27</td>\n",
       "      <td>346</td>\n",
       "      <td>83</td>\n",
       "      <td>47</td>\n",
       "      <td>68</td>\n",
       "      <td>189</td>\n",
       "      <td>439</td>\n",
       "      <td>287</td>\n",
       "      <td>254</td>\n",
       "      <td>0</td>\n",
       "      <td>145</td>\n",
       "      <td>202</td>\n",
       "      <td>289</td>\n",
       "      <td>55</td>\n",
       "    </tr>\n",
       "    <tr>\n",
       "      <th>city_14</th>\n",
       "      <td>211</td>\n",
       "      <td>466</td>\n",
       "      <td>74</td>\n",
       "      <td>182</td>\n",
       "      <td>243</td>\n",
       "      <td>105</td>\n",
       "      <td>150</td>\n",
       "      <td>108</td>\n",
       "      <td>326</td>\n",
       "      <td>336</td>\n",
       "      <td>184</td>\n",
       "      <td>391</td>\n",
       "      <td>145</td>\n",
       "      <td>0</td>\n",
       "      <td>57</td>\n",
       "      <td>426</td>\n",
       "      <td>96</td>\n",
       "    </tr>\n",
       "    <tr>\n",
       "      <th>city_15</th>\n",
       "      <td>268</td>\n",
       "      <td>420</td>\n",
       "      <td>53</td>\n",
       "      <td>239</td>\n",
       "      <td>199</td>\n",
       "      <td>123</td>\n",
       "      <td>207</td>\n",
       "      <td>165</td>\n",
       "      <td>383</td>\n",
       "      <td>240</td>\n",
       "      <td>140</td>\n",
       "      <td>448</td>\n",
       "      <td>202</td>\n",
       "      <td>57</td>\n",
       "      <td>0</td>\n",
       "      <td>483</td>\n",
       "      <td>153</td>\n",
       "    </tr>\n",
       "    <tr>\n",
       "      <th>city_16</th>\n",
       "      <td>246</td>\n",
       "      <td>745</td>\n",
       "      <td>472</td>\n",
       "      <td>237</td>\n",
       "      <td>528</td>\n",
       "      <td>364</td>\n",
       "      <td>332</td>\n",
       "      <td>349</td>\n",
       "      <td>202</td>\n",
       "      <td>685</td>\n",
       "      <td>542</td>\n",
       "      <td>157</td>\n",
       "      <td>289</td>\n",
       "      <td>426</td>\n",
       "      <td>483</td>\n",
       "      <td>0</td>\n",
       "      <td>336</td>\n",
       "    </tr>\n",
       "    <tr>\n",
       "      <th>city_17</th>\n",
       "      <td>121</td>\n",
       "      <td>518</td>\n",
       "      <td>142</td>\n",
       "      <td>84</td>\n",
       "      <td>297</td>\n",
       "      <td>35</td>\n",
       "      <td>29</td>\n",
       "      <td>36</td>\n",
       "      <td>236</td>\n",
       "      <td>390</td>\n",
       "      <td>238</td>\n",
       "      <td>301</td>\n",
       "      <td>55</td>\n",
       "      <td>96</td>\n",
       "      <td>153</td>\n",
       "      <td>336</td>\n",
       "      <td>0</td>\n",
       "    </tr>\n",
       "  </tbody>\n",
       "</table>\n",
       "</div>"
      ],
      "text/plain": [
       "         city_1  city_2  city_3  city_4  city_5  city_6  city_7  city_8  \\\n",
       "city_1        0     633     257      91     412     150      80     134   \n",
       "city_2      633       0     390     661     227     488     572     530   \n",
       "city_3      257     390       0     228     169     112     196     154   \n",
       "city_4       91     661     228       0     383     120      77     105   \n",
       "city_5      412     227     169     383       0     267     351     309   \n",
       "city_6      150     488     112     120     267       0      63      34   \n",
       "city_7       80     572     196      77     351      63       0      29   \n",
       "city_8      134     530     154     105     309      34      29       0   \n",
       "city_9      259     555     372     175     338     264     232     249   \n",
       "city_10     505     289     262     476     196     360     444     402   \n",
       "city_11     353     282     110     324      61     208     292     250   \n",
       "city_12     324     638     437     240     421     329     297     314   \n",
       "city_13      70     567     191      27     346      83      47      68   \n",
       "city_14     211     466      74     182     243     105     150     108   \n",
       "city_15     268     420      53     239     199     123     207     165   \n",
       "city_16     246     745     472     237     528     364     332     349   \n",
       "city_17     121     518     142      84     297      35      29      36   \n",
       "\n",
       "         city_9  city_10  city_11  city_12  city_13  city_14  city_15  \\\n",
       "city_1      259      505      353      324       70      211      268   \n",
       "city_2      555      289      282      638      567      466      420   \n",
       "city_3      372      262      110      437      191       74       53   \n",
       "city_4      175      476      324      240       27      182      239   \n",
       "city_5      338      196       61      421      346      243      199   \n",
       "city_6      264      360      208      329       83      105      123   \n",
       "city_7      232      444      292      297       47      150      207   \n",
       "city_8      249      402      250      314       68      108      165   \n",
       "city_9        0      495      352       95      189      326      383   \n",
       "city_10     495        0      154      578      439      336      240   \n",
       "city_11     352      154        0      435      287      184      140   \n",
       "city_12      95      578      435        0      254      391      448   \n",
       "city_13     189      439      287      254        0      145      202   \n",
       "city_14     326      336      184      391      145        0       57   \n",
       "city_15     383      240      140      448      202       57        0   \n",
       "city_16     202      685      542      157      289      426      483   \n",
       "city_17     236      390      238      301       55       96      153   \n",
       "\n",
       "         city_16  city_17  \n",
       "city_1       246      121  \n",
       "city_2       745      518  \n",
       "city_3       472      142  \n",
       "city_4       237       84  \n",
       "city_5       528      297  \n",
       "city_6       364       35  \n",
       "city_7       332       29  \n",
       "city_8       349       36  \n",
       "city_9       202      236  \n",
       "city_10      685      390  \n",
       "city_11      542      238  \n",
       "city_12      157      301  \n",
       "city_13      289       55  \n",
       "city_14      426       96  \n",
       "city_15      483      153  \n",
       "city_16        0      336  \n",
       "city_17      336        0  "
      ]
     },
     "execution_count": 22,
     "metadata": {},
     "output_type": "execute_result"
    }
   ],
   "source": [
    "data"
   ]
  },
  {
   "cell_type": "code",
   "execution_count": null,
   "id": "6341c1b5",
   "metadata": {},
   "outputs": [],
   "source": []
  }
 ],
 "metadata": {
  "kernelspec": {
   "display_name": "Python 3 (ipykernel)",
   "language": "python",
   "name": "python3"
  },
  "language_info": {
   "codemirror_mode": {
    "name": "ipython",
    "version": 3
   },
   "file_extension": ".py",
   "mimetype": "text/x-python",
   "name": "python",
   "nbconvert_exporter": "python",
   "pygments_lexer": "ipython3",
   "version": "3.8.10"
  }
 },
 "nbformat": 4,
 "nbformat_minor": 5
}
