0.000000000000000000e+00 3.008321791298264543e+03 1.749285568453590031e+03 1.923538406167134553e+03 2.126029162546929911e+03 2.549509756796392594e+03 1.204159457879229649e+03 3.280243893371345166e+03 8.944271909999158652e+02 2.332380757938120041e+03
3.008321791298264543e+03 0.000000000000000000e+00 4.441846462902562052e+03 3.748332962798262542e+03 1.700000000000000000e+03 1.360147050873544231e+03 3.026549190084311249e+03 3.517101079013794788e+03 2.968164415931165877e+03 4.272001872658765933e+03
1.749285568453590031e+03 4.441846462902562052e+03 0.000000000000000000e+00 1.264911064067351845e+03 3.860051813123756347e+03 3.544009029333869876e+03 2.816025568065744665e+03 3.101612483854164566e+03 1.476482306023340016e+03 3.512833614050059168e+03
1.923538406167134553e+03 3.748332962798262542e+03 1.264911064067351845e+03 0.000000000000000000e+00 3.668787265568828388e+03 2.607680962081059533e+03 3.125699921617556811e+03 1.838477631085023631e+03 1.104536101718726059e+03 4.178516483155235619e+03
2.126029162546929911e+03 1.700000000000000000e+03 3.860051813123756347e+03 3.668787265568828388e+03 0.000000000000000000e+00 2.370653918225939833e+03 1.552417469626002458e+03 4.242640687119284848e+03 2.600000000000000000e+03 2.630589287593180870e+03
2.549509756796392594e+03 1.360147050873544231e+03 3.544009029333869876e+03 2.607680962081059533e+03 2.370653918225939833e+03 0.000000000000000000e+00 3.106444913401813210e+03 2.158703314492290247e+03 2.121320343559642424e+03 4.465422712353220959e+03
1.204159457879229649e+03 3.026549190084311249e+03 2.816025568065744665e+03 3.125699921617556811e+03 1.552417469626002458e+03 3.106444913401813210e+03 0.000000000000000000e+00 4.341658669218481919e+03 2.061552812808830367e+03 1.360147050873544231e+03
3.280243893371345166e+03 3.517101079013794788e+03 3.101612483854164566e+03 1.838477631085023631e+03 4.242640687119284848e+03 2.158703314492290247e+03 4.341658669218481919e+03 0.000000000000000000e+00 2.408318915758459298e+03 5.603570290448759806e+03
8.944271909999158652e+02 2.968164415931165877e+03 1.476482306023340016e+03 1.104536101718726059e+03 2.600000000000000000e+03 2.121320343559642424e+03 2.061552812808830367e+03 2.408318915758459298e+03 0.000000000000000000e+00 3.224903099319419653e+03
2.332380757938120041e+03 4.272001872658765933e+03 3.512833614050059168e+03 4.178516483155235619e+03 2.630589287593180870e+03 4.465422712353220959e+03 1.360147050873544231e+03 5.603570290448759806e+03 3.224903099319419653e+03 0.000000000000000000e+00
