0.000000000000000000e+00 3.008321791298264714e+00 1.749285568453590178e+00 1.923538406167134784e+00 2.126029162546929641e+00 2.549509756796392246e+00 1.204159457879229178e+00 3.280243893371345365e+00 8.944271909999161885e-01 2.332380757938119942e+00
3.008321791298264714e+00 0.000000000000000000e+00 4.441846462902561576e+00 3.748332962798262447e+00 1.699999999999999956e+00 1.360147050873544261e+00 3.026549190084311114e+00 3.517101079013795317e+00 2.968164415931166200e+00 4.272001872658766075e+00
1.749285568453590178e+00 4.441846462902561576e+00 0.000000000000000000e+00 1.264911064067351987e+00 3.860051813123756226e+00 3.544009029333869965e+00 2.816025568065744444e+00 3.101612483854164548e+00 1.476482306023340074e+00 3.512833614050059339e+00
1.923538406167134784e+00 3.748332962798262447e+00 1.264911064067351987e+00 0.000000000000000000e+00 3.668787265568828282e+00 2.607680962081059484e+00 3.125699921617556942e+00 1.838477631085023489e+00 1.104536101718726071e+00 4.178516483155235939e+00
2.126029162546929641e+00 1.699999999999999956e+00 3.860051813123756226e+00 3.668787265568828282e+00 0.000000000000000000e+00 2.370653918225939183e+00 1.552417469626002688e+00 4.242640687119284770e+00 2.600000000000000089e+00 2.630589287593181336e+00
2.549509756796392246e+00 1.360147050873544261e+00 3.544009029333869965e+00 2.607680962081059484e+00 2.370653918225939183e+00 0.000000000000000000e+00 3.106444913401813057e+00 2.158703314492290914e+00 2.121320343559641941e+00 4.465422712353221080e+00
1.204159457879229178e+00 3.026549190084311114e+00 2.816025568065744444e+00 3.125699921617556942e+00 1.552417469626002688e+00 3.106444913401813057e+00 0.000000000000000000e+00 4.341658669218482203e+00 2.061552812808830293e+00 1.360147050873544483e+00
3.280243893371345365e+00 3.517101079013795317e+00 3.101612483854164548e+00 1.838477631085023489e+00 4.242640687119284770e+00 2.158703314492290914e+00 4.341658669218482203e+00 0.000000000000000000e+00 2.408318915758459244e+00 5.603570290448760538e+00
8.944271909999161885e-01 2.968164415931166200e+00 1.476482306023340074e+00 1.104536101718726071e+00 2.600000000000000089e+00 2.121320343559641941e+00 2.061552812808830293e+00 2.408318915758459244e+00 0.000000000000000000e+00 3.224903099319420097e+00
2.332380757938119942e+00 4.272001872658766075e+00 3.512833614050059339e+00 4.178516483155235939e+00 2.630589287593181336e+00 4.465422712353221080e+00 1.360147050873544483e+00 5.603570290448760538e+00 3.224903099319420097e+00 0.000000000000000000e+00
