0.000000000000000000e+00 5.385164807134503917e+01 5.852349955359812839e+01 3.640054944640259293e+01 4.123105625617660763e+01 4.079215610874227593e+01 4.570557952810575841e+01 3.535533905932737753e+01 4.527692569068708650e+01 4.004996878900157498e+01 4.000000000000000000e+01 4.500000000000000000e+01 4.609772228646443892e+01 4.742362280551750331e+01 4.596737973824481571e+01 4.810405388322277531e+01 4.386342439892261780e+01 4.242640687119285303e+01 4.386342439892261780e+01 4.609772228646443892e+01 4.103656905736638549e+01 4.482186966202993972e+01 4.123105625617660763e+01 3.905124837953326988e+01 4.301162633521313694e+01 4.428317965096906050e+01 4.317406628984580408e+01 4.459820624195551630e+01 4.031128874149274566e+01
5.385164807134503917e+01 0.000000000000000000e+00 5.000000000000000000e+00 1.802775637731994607e+01 1.414213562373095101e+01 1.562049935181330795e+01 1.300000000000000000e+01 2.121320343559642652e+01 1.581138830084189628e+01 2.059126028197400160e+01 2.236067977499789805e+01 2.061552812808830382e+01 2.500000000000000000e+01 2.343074902771996193e+01 2.220360331117451835e+01 1.984943324127920761e+01 2.332380757938120297e+01 2.236067977499789805e+01 2.059126028197400160e+01 1.802775637731994607e+01 2.154065922853801496e+01 1.700000000000000000e+01 1.897366596101027625e+01 2.061552812808830382e+01 1.581138830084189628e+01 5.100000000000000000e+01 4.565084884205330695e+01 4.134005321718877468e+01 4.924428900898052319e+01
5.852349955359812839e+01 5.000000000000000000e+00 0.000000000000000000e+00 2.236067977499789805e+01 1.802775637731994607e+01 1.920937271229854559e+01 1.562049935181330795e+01 2.500000000000000000e+01 1.802775637731994607e+01 2.343074902771996193e+01 2.500000000000000000e+01 2.236067977499789805e+01 2.915475947422650194e+01 2.745906043549196340e+01 2.641968962724581260e+01 2.385372088375312671e+01 2.773084924772409465e+01 2.692582403567251959e+01 2.507987240796890660e+01 2.236067977499789805e+01 2.624880949681337583e+01 2.154065922853801496e+01 2.376972864800942631e+01 2.549509756796392423e+01 2.061552812808830382e+01 5.546169849544818931e+01 5.008991914547277702e+01 4.565084884205330695e+01 5.385164807134503917e+01
3.640054944640259293e+01 1.802775637731994607e+01 2.236067977499789805e+01 0.000000000000000000e+00 5.000000000000000000e+00 5.385164807134503739e+00 1.019803902718556898e+01 5.000000000000000000e+00 1.118033988749894903e+01 9.433981132056603158e+00 1.118033988749894903e+01 1.414213562373095101e+01 2.549509756796392423e+01 2.517935662402834396e+01 2.319482700948640286e+01 2.300000000000000000e+01 2.256102834535695578e+01 2.061552812808830382e+01 2.022374841615668473e+01 2.000000000000000000e+01 1.868154169226940553e+01 1.800000000000000000e+01 1.627882059609970611e+01 1.581138830084189628e+01 1.500000000000000000e+01 4.534313619501853765e+01 4.060788100849390503e+01 3.773592452822641263e+01 4.242640687119285303e+01
4.123105625617660763e+01 1.414213562373095101e+01 1.802775637731994607e+01 5.000000000000000000e+00 0.000000000000000000e+00 2.000000000000000000e+00 5.385164807134503739e+00 7.071067811865475505e+00 7.071067811865475505e+00 8.000000000000000000e+00 1.000000000000000000e+01 1.118033988749894903e+01 2.692582403567251959e+01 2.624880949681337583e+01 2.435159132377184221e+01 2.353720459187963954e+01 2.416609194718914466e+01 2.236067977499789805e+01 2.154065922853801496e+01 2.061552812808830382e+01 2.059126028197400160e+01 1.868154169226940553e+01 1.788854381999831844e+01 1.802775637731994607e+01 1.581138830084189628e+01 4.879549159502340672e+01 4.386342439892261780e+01 4.060788100849390503e+01 4.609772228646443892e+01
4.079215610874227593e+01 1.562049935181330795e+01 1.920937271229854559e+01 5.385164807134503739e+00 2.000000000000000000e+00 0.000000000000000000e+00 5.000000000000000000e+00 5.830951894845300743e+00 5.830951894845300743e+00 6.000000000000000000e+00 8.000000000000000000e+00 9.433981132056603158e+00 2.879236009777593708e+01 2.816025568065744622e+01 2.624880949681337583e+01 2.549509756796392423e+01 2.600000000000000000e+01 2.416609194718914466e+01 2.340939982143925135e+01 2.256102834535695578e+01 2.236067977499789805e+01 2.061552812808830382e+01 1.969771560359220786e+01 1.972308292331602075e+01 1.772004514666934938e+01 5.020956084253276686e+01 4.534313619501853765e+01 4.220189569201838253e+01 4.742362280551750331e+01
4.570557952810575841e+01 1.300000000000000000e+01 1.562049935181330795e+01 1.019803902718556898e+01 5.385164807134503739e+00 5.000000000000000000e+00 0.000000000000000000e+00 1.044030650891055068e+01 3.000000000000000000e+00 7.810249675906653977e+00 9.433981132056603158e+00 8.000000000000000000e+00 3.088689042296100240e+01 2.996664812754339380e+01 2.817800560721074277e+01 2.692582403567251959e+01 2.830194339616981125e+01 2.662705391138869615e+01 2.555386467836127551e+01 2.416609194718914466e+01 2.500000000000000000e+01 2.236067977499789805e+01 2.220360331117451835e+01 2.267156809750926882e+01 1.972308292331602075e+01 5.381449618829483938e+01 4.879549159502340672e+01 4.534313619501853765e+01 5.122499389946278825e+01
3.535533905932737753e+01 2.121320343559642652e+01 2.500000000000000000e+01 5.000000000000000000e+00 7.071067811865475505e+00 5.830951894845300743e+00 1.044030650891055068e+01 0.000000000000000000e+00 1.000000000000000000e+01 5.830951894845300743e+00 7.071067811865475505e+00 1.118033988749894903e+01 3.041381265149109936e+01 3.014962686336266984e+01 2.816025568065744622e+01 2.800000000000000000e+01 2.745906043549196340e+01 2.549509756796392423e+01 2.517935662402834396e+01 2.500000000000000000e+01 2.353720459187963954e+01 2.300000000000000000e+01 2.121320343559642652e+01 2.061552812808830382e+01 2.000000000000000000e+01 4.920365840057017692e+01 4.465422712353221613e+01 4.205948168962618183e+01 4.609772228646443892e+01
4.527692569068708650e+01 1.581138830084189628e+01 1.802775637731994607e+01 1.118033988749894903e+01 7.071067811865475505e+00 5.830951894845300743e+00 3.000000000000000000e+00 1.000000000000000000e+01 0.000000000000000000e+00 5.830951894845300743e+00 7.071067811865475505e+00 5.000000000000000000e+00 3.354101966249684352e+01 3.269556544854363267e+01 3.087069808086626210e+01 2.973213749463701205e+01 3.088689042296100240e+01 2.915475947422650194e+01 2.817800560721074277e+01 2.692582403567251959e+01 2.745906043549196340e+01 2.507987240796890660e+01 2.469817807045693669e+01 2.500000000000000000e+01 2.236067977499789805e+01 5.586591089385368747e+01 5.093132631298737323e+01 4.763402145525821396e+01 5.315072906367324634e+01
4.004996878900157498e+01 2.059126028197400160e+01 2.343074902771996193e+01 9.433981132056603158e+00 8.000000000000000000e+00 6.000000000000000000e+00 7.810249675906653977e+00 5.830951894845300743e+00 5.830951894845300743e+00 0.000000000000000000e+00 2.000000000000000000e+00 5.385164807134503739e+00 3.448187929913333249e+01 3.395585369269929288e+01 3.201562118716424266e+01 3.140063693621516450e+01 3.162277660168379256e+01 2.973213749463701205e+01 2.912043955712207222e+01 2.844292530665578411e+01 2.785677655436823841e+01 2.647640458974745314e+01 2.529822128134703618e+01 2.507987240796890660e+01 2.353720459187963954e+01 5.467174773134657784e+01 5.000000000000000000e+01 4.716990566028302112e+01 5.166236541235795698e+01
4.000000000000000000e+01 2.236067977499789805e+01 2.500000000000000000e+01 1.118033988749894903e+01 1.000000000000000000e+01 8.000000000000000000e+00 9.433981132056603158e+00 7.071067811865475505e+00 7.071067811865475505e+00 2.000000000000000000e+00 0.000000000000000000e+00 5.000000000000000000e+00 3.640054944640259293e+01 3.590264614203248072e+01 3.395585369269929288e+01 3.337663853655727308e+01 3.352610922848042208e+01 3.162277660168379256e+01 3.104834939252004844e+01 3.041381265149109936e+01 2.973213749463701205e+01 2.844292530665578411e+01 2.720294101747088789e+01 2.692582403567251959e+01 2.549509756796392423e+01 5.622277118748238678e+01 5.161395160225576006e+01 4.887739763939974580e+01 5.315072906367324634e+01
4.500000000000000000e+01 2.061552812808830382e+01 2.236067977499789805e+01 1.414213562373095101e+01 1.118033988749894903e+01 9.433981132056603158e+00 8.000000000000000000e+00 1.118033988749894903e+01 5.000000000000000000e+00 5.385164807134503739e+00 5.000000000000000000e+00 0.000000000000000000e+00 3.807886552931954327e+01 3.733630940518894192e+01 3.546829570193639825e+01 3.448187929913333249e+01 3.534119409414458346e+01 3.354101966249684352e+01 3.269556544854363267e+01 3.162277660168379256e+01 3.176476034853718033e+01 2.973213749463701205e+01 2.906888370749726747e+01 2.915475947422650194e+01 2.692582403567251959e+01 5.946427498927402411e+01 5.467174773134657784e+01 5.161395160225576006e+01 5.656854249492380404e+01
4.609772228646443892e+01 2.500000000000000000e+01 2.915475947422650194e+01 2.549509756796392423e+01 2.692582403567251959e+01 2.879236009777593708e+01 3.088689042296100240e+01 3.041381265149109936e+01 3.354101966249684352e+01 3.448187929913333249e+01 3.640054944640259293e+01 3.807886552931954327e+01 0.000000000000000000e+00 2.000000000000000000e+00 2.828427124746190291e+00 5.385164807134503739e+00 3.000000000000000000e+00 5.000000000000000000e+00 5.385164807134503739e+00 7.071067811865475505e+00 7.000000000000000000e+00 8.602325267042626677e+00 9.219544457292887074e+00 1.000000000000000000e+01 1.118033988749894903e+01 2.657066051117284644e+01 2.118962010041709121e+01 1.655294535724684835e+01 2.549509756796392423e+01
4.742362280551750331e+01 2.343074902771996193e+01 2.745906043549196340e+01 2.517935662402834396e+01 2.624880949681337583e+01 2.816025568065744622e+01 2.996664812754339380e+01 3.014962686336266984e+01 3.269556544854363267e+01 3.395585369269929288e+01 3.590264614203248072e+01 3.733630940518894192e+01 2.000000000000000000e+00 0.000000000000000000e+00 2.000000000000000000e+00 3.605551275463989125e+00 3.605551275463989125e+00 5.385164807134503739e+00 5.000000000000000000e+00 5.830951894845300743e+00 7.280109889280518054e+00 7.615773105863908654e+00 9.000000000000000000e+00 1.019803902718556898e+01 1.044030650891055068e+01 2.846049894151541437e+01 2.308679276123039159e+01 1.838477631085023489e+01 2.745906043549196340e+01
4.596737973824481571e+01 2.220360331117451835e+01 2.641968962724581260e+01 2.319482700948640286e+01 2.435159132377184221e+01 2.624880949681337583e+01 2.817800560721074277e+01 2.816025568065744622e+01 3.087069808086626210e+01 3.201562118716424266e+01 3.395585369269929288e+01 3.546829570193639825e+01 2.828427124746190291e+00 2.000000000000000000e+00 0.000000000000000000e+00 3.000000000000000000e+00 2.236067977499789805e+00 3.605551275463989125e+00 3.000000000000000000e+00 4.242640687119284770e+00 5.385164807134503739e+00 5.830951894845300743e+00 7.000000000000000000e+00 8.246211251235321171e+00 8.544003745317530374e+00 2.915475947422650194e+01 2.376972864800942631e+01 1.923538406167134340e+01 2.789265136196270589e+01
4.810405388322277531e+01 1.984943324127920761e+01 2.385372088375312671e+01 2.300000000000000000e+01 2.353720459187963954e+01 2.549509756796392423e+01 2.692582403567251959e+01 2.800000000000000000e+01 2.973213749463701205e+01 3.140063693621516450e+01 3.337663853655727308e+01 3.448187929913333249e+01 5.385164807134503739e+00 3.605551275463989125e+00 3.000000000000000000e+00 0.000000000000000000e+00 5.099019513592784492e+00 5.830951894845300743e+00 4.242640687119284770e+00 3.000000000000000000e+00 7.071067811865475505e+00 5.000000000000000000e+00 7.615773105863908654e+00 9.433981132056603158e+00 8.000000000000000000e+00 3.195309061734091571e+01 2.657066051117284644e+01 2.193171219946130890e+01 3.080584360149872580e+01
4.386342439892261780e+01 2.332380757938120297e+01 2.773084924772409465e+01 2.256102834535695578e+01 2.416609194718914466e+01 2.600000000000000000e+01 2.830194339616981125e+01 2.745906043549196340e+01 3.088689042296100240e+01 3.162277660168379256e+01 3.352610922848042208e+01 3.534119409414458346e+01 3.000000000000000000e+00 3.605551275463989125e+00 2.236067977499789805e+00 5.099019513592784492e+00 0.000000000000000000e+00 2.000000000000000000e+00 2.828427124746190291e+00 5.385164807134503739e+00 4.000000000000000000e+00 6.403124237432848531e+00 6.324555320336759046e+00 7.000000000000000000e+00 8.602325267042626677e+00 2.773084924772409465e+01 2.236067977499789805e+01 1.802775637731994607e+01 2.624880949681337583e+01
4.242640687119285303e+01 2.236067977499789805e+01 2.692582403567251959e+01 2.061552812808830382e+01 2.236067977499789805e+01 2.416609194718914466e+01 2.662705391138869615e+01 2.549509756796392423e+01 2.915475947422650194e+01 2.973213749463701205e+01 3.162277660168379256e+01 3.354101966249684352e+01 5.000000000000000000e+00 5.385164807134503739e+00 3.605551275463989125e+00 5.830951894845300743e+00 2.000000000000000000e+00 0.000000000000000000e+00 2.000000000000000000e+00 5.000000000000000000e+00 2.000000000000000000e+00 5.385164807134503739e+00 4.472135954999579610e+00 5.000000000000000000e+00 7.071067811865475505e+00 2.865309756378880479e+01 2.332380757938120297e+01 1.920937271229854559e+01 2.692582403567251959e+01
4.386342439892261780e+01 2.059126028197400160e+01 2.507987240796890660e+01 2.022374841615668473e+01 2.154065922853801496e+01 2.340939982143925135e+01 2.555386467836127551e+01 2.517935662402834396e+01 2.817800560721074277e+01 2.912043955712207222e+01 3.104834939252004844e+01 3.269556544854363267e+01 5.385164807134503739e+00 5.000000000000000000e+00 3.000000000000000000e+00 4.242640687119284770e+00 2.828427124746190291e+00 2.000000000000000000e+00 0.000000000000000000e+00 3.000000000000000000e+00 2.828427124746190291e+00 3.605551275463989125e+00 4.000000000000000000e+00 5.385164807134503739e+00 5.830951894845300743e+00 3.041381265149109936e+01 2.505992817228333536e+01 2.080865204668481283e+01 2.879236009777593708e+01
4.609772228646443892e+01 1.802775637731994607e+01 2.236067977499789805e+01 2.000000000000000000e+01 2.061552812808830382e+01 2.256102834535695578e+01 2.416609194718914466e+01 2.500000000000000000e+01 2.692582403567251959e+01 2.844292530665578411e+01 3.041381265149109936e+01 3.162277660168379256e+01 7.071067811865475505e+00 5.830951894845300743e+00 4.242640687119284770e+00 3.000000000000000000e+00 5.385164807134503739e+00 5.000000000000000000e+00 3.000000000000000000e+00 0.000000000000000000e+00 5.385164807134503739e+00 2.000000000000000000e+00 5.000000000000000000e+00 7.071067811865475505e+00 5.000000000000000000e+00 3.310589071449369669e+01 2.773084924772409465e+01 2.332380757938120297e+01 3.162277660168379256e+01
4.103656905736638549e+01 2.154065922853801496e+01 2.624880949681337583e+01 1.868154169226940553e+01 2.059126028197400160e+01 2.236067977499789805e+01 2.500000000000000000e+01 2.353720459187963954e+01 2.745906043549196340e+01 2.785677655436823841e+01 2.973213749463701205e+01 3.176476034853718033e+01 7.000000000000000000e+00 7.280109889280518054e+00 5.385164807134503739e+00 7.071067811865475505e+00 4.000000000000000000e+00 2.000000000000000000e+00 2.828427124746190291e+00 5.385164807134503739e+00 0.000000000000000000e+00 5.000000000000000000e+00 2.828427124746190291e+00 3.000000000000000000e+00 5.830951894845300743e+00 2.968164415931165934e+01 2.441311123146740414e+01 2.051828452868319275e+01 2.773084924772409465e+01
4.482186966202993972e+01 1.700000000000000000e+01 2.154065922853801496e+01 1.800000000000000000e+01 1.868154169226940553e+01 2.061552812808830382e+01 2.236067977499789805e+01 2.300000000000000000e+01 2.507987240796890660e+01 2.647640458974745314e+01 2.844292530665578411e+01 2.973213749463701205e+01 8.602325267042626677e+00 7.615773105863908654e+00 5.830951894845300743e+00 5.000000000000000000e+00 6.403124237432848531e+00 5.385164807134503739e+00 3.605551275463989125e+00 2.000000000000000000e+00 5.000000000000000000e+00 0.000000000000000000e+00 3.605551275463989125e+00 5.830951894845300743e+00 3.000000000000000000e+00 3.400000000000000000e+01 2.865309756378880479e+01 2.441311123146740414e+01 3.231098884280702066e+01
4.123105625617660763e+01 1.897366596101027625e+01 2.376972864800942631e+01 1.627882059609970611e+01 1.788854381999831844e+01 1.969771560359220786e+01 2.220360331117451835e+01 2.121320343559642652e+01 2.469817807045693669e+01 2.529822128134703618e+01 2.720294101747088789e+01 2.906888370749726747e+01 9.219544457292887074e+00 9.000000000000000000e+00 7.000000000000000000e+00 7.615773105863908654e+00 6.324555320336759046e+00 4.472135954999579610e+00 4.000000000000000000e+00 5.000000000000000000e+00 2.828427124746190291e+00 3.605551275463989125e+00 0.000000000000000000e+00 2.236067977499789805e+00 3.162277660168379523e+00 3.244996147917590434e+01 2.720294101747088789e+01 2.334523505985750447e+01 3.041381265149109936e+01
3.905124837953326988e+01 2.061552812808830382e+01 2.549509756796392423e+01 1.581138830084189628e+01 1.802775637731994607e+01 1.972308292331602075e+01 2.267156809750926882e+01 2.061552812808830382e+01 2.500000000000000000e+01 2.507987240796890660e+01 2.692582403567251959e+01 2.915475947422650194e+01 1.000000000000000000e+01 1.019803902718556898e+01 8.246211251235321171e+00 9.433981132056603158e+00 7.000000000000000000e+00 5.000000000000000000e+00 5.385164807134503739e+00 7.071067811865475505e+00 3.000000000000000000e+00 5.830951894845300743e+00 2.236067977499789805e+00 0.000000000000000000e+00 5.000000000000000000e+00 3.140063693621516450e+01 2.624880949681337583e+01 2.267156809750926882e+01 2.915475947422650194e+01
4.301162633521313694e+01 1.581138830084189628e+01 2.061552812808830382e+01 1.500000000000000000e+01 1.581138830084189628e+01 1.772004514666934938e+01 1.972308292331602075e+01 2.000000000000000000e+01 2.236067977499789805e+01 2.353720459187963954e+01 2.549509756796392423e+01 2.692582403567251959e+01 1.118033988749894903e+01 1.044030650891055068e+01 8.544003745317530374e+00 8.000000000000000000e+00 8.602325267042626677e+00 7.071067811865475505e+00 5.830951894845300743e+00 5.000000000000000000e+00 5.830951894845300743e+00 3.000000000000000000e+00 3.162277660168379523e+00 5.000000000000000000e+00 0.000000000000000000e+00 3.551056180912940619e+01 3.023243291566194912e+01 2.624880949681337583e+01 3.354101966249684352e+01
4.428317965096906050e+01 5.100000000000000000e+01 5.546169849544818931e+01 4.534313619501853765e+01 4.879549159502340672e+01 5.020956084253276686e+01 5.381449618829483938e+01 4.920365840057017692e+01 5.586591089385368747e+01 5.467174773134657784e+01 5.622277118748238678e+01 5.946427498927402411e+01 2.657066051117284644e+01 2.846049894151541437e+01 2.915475947422650194e+01 3.195309061734091571e+01 2.773084924772409465e+01 2.865309756378880479e+01 3.041381265149109936e+01 3.310589071449369669e+01 2.968164415931165934e+01 3.400000000000000000e+01 3.244996147917590434e+01 3.140063693621516450e+01 3.551056180912940619e+01 0.000000000000000000e+00 5.385164807134503739e+00 1.019803902718556898e+01 4.000000000000000000e+00
4.317406628984580408e+01 4.565084884205330695e+01 5.008991914547277702e+01 4.060788100849390503e+01 4.386342439892261780e+01 4.534313619501853765e+01 4.879549159502340672e+01 4.465422712353221613e+01 5.093132631298737323e+01 5.000000000000000000e+01 5.161395160225576006e+01 5.467174773134657784e+01 2.118962010041709121e+01 2.308679276123039159e+01 2.376972864800942631e+01 2.657066051117284644e+01 2.236067977499789805e+01 2.332380757938120297e+01 2.505992817228333536e+01 2.773084924772409465e+01 2.441311123146740414e+01 2.865309756378880479e+01 2.720294101747088789e+01 2.624880949681337583e+01 3.023243291566194912e+01 5.385164807134503739e+00 0.000000000000000000e+00 5.000000000000000000e+00 5.385164807134503739e+00
4.459820624195551630e+01 4.134005321718877468e+01 4.565084884205330695e+01 3.773592452822641263e+01 4.060788100849390503e+01 4.220189569201838253e+01 4.534313619501853765e+01 4.205948168962618183e+01 4.763402145525821396e+01 4.716990566028302112e+01 4.887739763939974580e+01 5.161395160225576006e+01 1.655294535724684835e+01 1.838477631085023489e+01 1.923538406167134340e+01 2.193171219946130890e+01 1.802775637731994607e+01 1.920937271229854559e+01 2.080865204668481283e+01 2.332380757938120297e+01 2.051828452868319275e+01 2.441311123146740414e+01 2.334523505985750447e+01 2.267156809750926882e+01 2.624880949681337583e+01 1.019803902718556898e+01 5.000000000000000000e+00 0.000000000000000000e+00 1.019803902718556898e+01
4.031128874149274566e+01 4.924428900898052319e+01 5.385164807134503917e+01 4.242640687119285303e+01 4.609772228646443892e+01 4.742362280551750331e+01 5.122499389946278825e+01 4.609772228646443892e+01 5.315072906367324634e+01 5.166236541235795698e+01 5.315072906367324634e+01 5.656854249492380404e+01 2.549509756796392423e+01 2.745906043549196340e+01 2.789265136196270589e+01 3.080584360149872580e+01 2.624880949681337583e+01 2.692582403567251959e+01 2.879236009777593708e+01 3.162277660168379256e+01 2.773084924772409465e+01 3.231098884280702066e+01 3.041381265149109936e+01 2.915475947422650194e+01 3.354101966249684352e+01 4.000000000000000000e+00 5.385164807134503739e+00 1.019803902718556898e+01 0.000000000000000000e+00
